$ANSIBLE_VAULT;1.1;AES256
39366465303535656238633134343133393033336164653831636630663336383261623266393236
3038386266316638646332623232353931656234623733620a623035303535323738333539653932
30623261373731643239643066616332376132366464366461623231326331653738616332393163
3136373635333465310a616566373663626630396266656430646430376534636437303461346363
38613264363065383164656534613633366233616361363636373262613438623030666234616134
35366138656231376264333638396435306566663662313830363036393038313537306132393866
63643336313633373265323665383534613861386462306233363762653234336334353436336332
65396137633463333835653631363535393165623662623336303963316534663535323264663366
39613331656263333836666563353830663838613364643666366166653638643339343835363233
33326262383863623635663136363562663633626435333236656232373538656532666138616161
34656332623261306663343165383839626331353034336665393265633564333932343236393539
37346363396333393963613937366566346239393532303566663665613437643332636135616366
34383938666361653265323965373833366562303032653365383565356161316337313662366663
32313634386330333034316365373531326436636563393863353838646563346565616664316461
39323634653966653764376436613536306663616431396564623464386639373134343738616361
35353465333464313735366332326231643161373261383561323865323138376462653034373462
63363765303439373632656561333361623861373334643438303530663737646463346564316465
61306466326466613831393734643939633732343431636439663934626362646161316139666264
36376633396261623434353531366363343836616163393836643131343866633963303161353163
64336439613461663635303230616364386163333139343935623764653962323636636632306362
62313861376437346430323835643630346365316237363766626239623663656463386639313433
66323363313038313237396563643631336666383761303835376231393035633032383330343964
37633433636437323664366362666333663739333464613535363264366561383136383737376239
65343938366535333931613830626363613436326232313533393435613264316332386536653865
37656338623564356465323735323165646365343466393164623761616534396230383436656639
36393334396634376532643538623335396464656435353362343834346661656333316264663437
38353637643230623562376362643439343937646439356466343236643261636137333561353361
39376334623864323664323231306466373563323366303130356233306235376164306637643362
66663334383765623732623731343466303863363765373037643336653639316232393837623933
31316262366561333135386635336233376139363465373134333239316539656532613739393136
62356261646365313730613164326533633839353333313237653135333132643737336131366462
39373035396466613361333863663735373134643639323363396438623431353966626438656333
32323562326638643261313231633362303833663666343839616165626462366163303239666335
63383566323764373134346539623239323237666432326666376235633637613535633739636634
63666465353239326534623539383434666239366165353337643737306536353330353065376163
66646363303561626436343965373563326464396333663461653030356430656464623361323237
64313837643939366564353938383263303838363334323035643937316431653738666433396336
31346631313164346664653036623935323435656462373661326364336239353033356330393263
32373330633535383938356531343764313133353934373964343630366561346233633936646536
30333931353137613235336261343562646339663637623238623665643037653962383563303335
35313035316130633565386365386638353839353964356435633764396431646330313033336239
61353265666238653131376231303238396132343666616563393335353338363131303461383164
64333962313861353233323830363966383830376239333539396339633635663336303032613532
33356666393830336638653330663763336637613930393330633138396566666137383262633536
33393533393365303065646362653564323565376362316535616634303565356535613632366431
39663032646564393866626436626236336233356564636362636261373263626565373263366232
36333832376234373734333836626238616465636563346338353335356166353138613265303963
37346537326136306532346435616336663333333237313430623739366230363039656536643336
32613532346535333034393233343461326434396339646632653536363362613339343036366161
66626634623733303164623465393436646330376636396334666266623565313566623737313637
66653538643538623231363162666439316665326132303965633238346665663431393633613538
66313265656364333035383033613862633264303362366339666337376266386561656231333039
38633063343630373061313731623362643463663866313834646539303531373235333662653562
39366239316430353031643864343939383732356239326663313461376237626339363838656335
36636434653463343733613264613766343030386332393064323138396332373836663765633731
64326261626461393932623163643862646463663334373264333537373136653135323964653736
32633830646335353961646239303033386236396264383834373138303266616666306430303838
62316535383736316161663034386636646437316134643236323266303037613639333731633530
39396336326563323539313237383830313839316265626130396565303066663037383331393638
37616335346661316561633533333164393662633838333538653833326338363162663230613761
62316666343165373436333635303933383332623963336361656463336364636637653436623266
61343662643531663432376161346234346332656436666534396439623434323838396662653764
31386130363133326264346337383839626133636162623737643362353863656436373535323266
65323262643634636663353535366261653464383663633037363136343335613363376664616361
37323737663530333361613637616539313136653532636139316565656463633231396332626161
36303262313835346637633933633339376436653932643232643037663265633536393638613366
39356533643734353037656262613636393537343436656464313337333663386133343864616138
31303561633261323436353635313237336636626334343733336235613931373438393362316134
62343066613030316338303033393961376539303333376566616135353866313861333632636461
34643739333561666466646164613666323733666265346638373639336461363431663330653830
31623064336136316466333532313438626462313864643061353936336231343936653539653337
38633262343733306431396537393761363837613763303632663437346634636436363933613661
37353438313065303530346265386466363062363965346437663536313264303533633232666562
37323034323465633061353931383534333166353932326464353335353166343032646139653161
37316331646464636234346563663430623639613264646232626464343864326164626533326562
37306363336361303562326239326264333566613633623235366134643366383239333464363339
34623233323938393233383832653232383831643664363835653664383535633361326533626365
39663235636338623866623036386166313431353937616663616266363033376361386666326637
65373866363330316562636134386262623236383434306465346330326666363130333837333137
37366336653032613233663666336365653534656533643131306338313732383765353332396561
39336636316631336462393566376230306537623130303639376635663465626138326661316661
35323234656336613834386661373437633139316237646535653539363039666539353662326531
36356237613337336638386331616539323764616363393862313630356363356139353432303535
32613131316135613264653161303862326462393565373633306135303361393265353430353064
34663938313637636165383738353262636164633639623237626531383164613338353532653231
33306666643635636161633766653165666137313636303763313466346365613465303661333839
30653261653439623362356139316431393465333134323061306565313731636162613465663466
31656166323866346133313638333264326138313266326333306463623964666562653035643038
66663536333064653637623435346434393833653664643730353135363931663233653061326534
65363134633536663932653734636331363362376661326265643839373064653638383133333435
65333365303261326436363538613839626435306331333333353438333231616332646136306637
33653935646235336439343832326161326233653830356535393938333136666437646266376661
39356264633961383062316430386430353138393238626234643835336662313762303264613335
65666231373439633439306637316663623834373436353832643230303266306663333138626330
64663435303862353665386561306561393461626239356330626139616436386261376430363538
37366335626463303562633037366133613430666137636538326366313665343537656564633663
61623837363732623039623533653539623130656533646463353734346432643033383665333839
62383735366534646364343965333264633533353531653632653234303039656233643964623765
36306132353235663161323232316337643938393666363236633938656137323533353031613363
36303339323132316262613366363865396163313462373437633333376239353933333162316161
35306334396363653665613831363139323933623061393065643463356263326432373634643836
65343736666531643139363464313633656662303238646438396230623233313939336334326364
39303061613564616438333533353138306161353432326564303331626366323138343737653464
36316164323339323831643934656561326637393639393236666463623563386233663463656661
61646366333838333839306231623136333339623330326438333836346636646635663435643235
63333664616232643536653533626431383630363363303937643134333563666135363632373432
39303966353435366663393562313162363035346238643031666665656535366535653831306163
61396231633962323662366531333563663064616163653439633763383064373336653738666137
39376361356130393961383730626136336635646465636134376666306264313838316236383233
39323539393235353962353338623861626162313639373830343363646264383733383533653633
33383436643662393936326666373834643866396237303931303534386630373436656465343061
62613636653666383364376161323166303762353065386436376562363261353564613731643164
64643039383366306537363063356532643830343936306264633735363061366262626330656531
38356565336361313939663537333163376464626631666638313433383632623439393065313064
66656233303561626136643635353337393465393133643939313037373936383838353233323362
36663032616565313332316230356135356365656532333637626435393037376364313835663961
35356162653539376432633235303164373964353062666136636338356337353634313465343137
30393834663930623261643936653864623533383331326430656634393361313465386466313664
34633631353861303134313562386634316630343762366138633365303834393939376334383539
34636431646538663332303765623161666330316336666536303661643438663939303865313062
38363366633665393931636365343936303763383664316334653635653030643937386534343736
30316233343638323163383439376534343538636136393039316330346632646666643035326633
32623038633735323032643630613831333261313431333039336330316631373264663331626631
66376534333966666665363236636435613936353063333037633539333039643162323236663566
38393165353132366139653165333439633965636565363662626330363437346463636432613462
64363036383435393634393532663033343038666432366438363337336363393938366164306566
63646562326431626439313061616166643333383631363764326539303030393561643561313866
63303662366664636465316264376535623832353436623130333137646435343762326237316161
36373837666531326162656333353237356535643262636530646339386236303733353530303334
32356663356336643231303134303333613535373966326433383835333234316438373333303136
39333234653538636364653765373730333230333037333231636462343766313636383536366138
39633633663135393030633737366362376134383836666134633235343834316266313730306433
61343832303166333734366130626631393934313637613165393338663133396462313335386632
6433383136643032383730326236333833316535313861353032
